1021182
1021182
1021182
1021182
1021182
1021182
1021182
1021182
1021182
1021182
1021182
1021182
1021182
1021182
1021182
1006674
874726
775336
682748
607004
545202
498648
452878
418230
388490
360858
337544
317884
300482
280066
263786
248658
236098
223934
211932
203374
195054
187094
176742
170116
163872
156920
151676
146714
136948
131960
127606
123200
117706
113424
109022
105196
101538
98132
94322
90370
86228
81232
78204
75476
72854
70456
68094
65110
62886
60760
58706
55772
53904
51676
49872
48278
46758
45234
43208
41102
39476
37794
36390
35120
33604
32300
31136
30038
27726
26288
24458
23178
22166
21240
19960
18242
16510
15096
13550
12254
10884
9510
7994
6202
3410
